1 0.5673076923076923 0.2512019230769231 0.08173076923076923 0.09134615384615384
1 0.9711538461538461 0.27163461538461536 0.05048076923076923 0.08173076923076923
1 0.8629807692307693 0.27884615384615385 0.08413461538461539 0.10096153846153846
1 0.7163461538461539 0.28365384615384615 0.03365384615384615 0.055288461538461536
1 0.8197115384615384 0.28365384615384615 0.06009615384615385 0.08173076923076923
1 0.5576923076923077 0.34134615384615385 0.05048076923076923 0.0625
1 0.21394230769230768 0.38461538461538464 0.057692307692307696 0.06009615384615385
1 0.49278846153846156 0.4206730769230769 0.13221153846153846 0.14423076923076922
7 0.7139423076923077 0.4483173076923077 0.04807692307692308 0.055288461538461536
7 0.7980769230769231 0.46634615384615385 0.03125 0.028846153846153848
1 0.7163461538461539 0.04807692307692308 0.03365384615384615 0.055288461538461536
1 0.8197115384615384 0.04807692307692308 0.06009615384615385 0.08173076923076923
1 0.8629807692307693 0.052884615384615384 0.08413461538461539 0.10096153846153846
2 0.6310096153846154 0.5997596153846154 0.055288461538461536 0.07692307692307693
1 0.9711538461538461 0.06009615384615385 0.05048076923076923 0.08173076923076923
7 0.3449519230769231 0.6286057692307693 0.06490384615384616 0.05048076923076923
2 0.42788461538461536 0.6754807692307693 0.08173076923076923 0.07932692307692307
1 0.5673076923076923 0.08173076923076923 0.08173076923076923 0.09134615384615384
1 0.5576923076923077 0.01201923076923077 0.052884615384615384 0.02403846153846154