1 0.4567307692307692 0.3173076923076923 0.06971153846153846 0.0985576923076923
1 0.2620192307692308 0.3293269230769231 0.0673076923076923 0.08653846153846154
8 0.26322115384615385 0.3317307692307692 0.04326923076923077 0.021634615384615384
1 0.9110576923076923 0.3557692307692308 0.06971153846153846 0.08173076923076923
8 0.9158653846153846 0.3629807692307692 0.04807692307692308 0.019230769230769232
2 0.8088942307692307 0.4951923076923077 0.03365384615384615 0.04807692307692308
2 0.6165865384615384 0.4963942307692308 0.04326923076923077 0.04326923076923077
2 0.052884615384615384 0.5084134615384616 0.028846153846153848 0.036057692307692304
2 0.5168269230769231 0.515625 0.03365384615384615 0.04567307692307692
2 0.1814903846153846 0.5396634615384616 0.036057692307692304 0.057692307692307696
2 0.3076923076923077 0.5552884615384616 0.02403846153846154 0.040865384615384616
2 0.39663461538461536 0.5649038461538461 0.02403846153846154 0.04807692307692308
2 0.8509615384615384 0.5733173076923077 0.028846153846153848 0.028846153846153848
2 0.9783653846153846 0.5817307692307693 0.038461538461538464 0.040865384615384616
2 0.7151442307692307 0.09495192307692307 0.052884615384615384 0.021634615384615384
1 0.6947115384615384 0.09615384615384616 0.10576923076923077 0.11778846153846154
1 0.26322115384615385 0.01201923076923077 0.06971153846153846 0.02403846153846154
1 0.4567307692307692 0.020432692307692308 0.07211538461538461 0.040865384615384616
8 0.7091346153846154 0.20432692307692307 0.0625 0.04567307692307692
1 0.6947115384615384 0.21153846153846154 0.10576923076923077 0.11778846153846154