1 0.9170673076923077 0.03365384615384615 0.15625 0.0673076923076923
1 0.9158653846153846 0.3485576923076923 0.15384615384615385 0.1658653846153846
10 0.8774038461538461 0.36177884615384615 0.0625 0.021634615384615384
1 0.06490384615384616 0.38221153846153844 0.12980769230769232 0.14423076923076922
1 0.4326923076923077 0.3942307692307692 0.057692307692307696 0.07932692307692307
1 0.5432692307692307 0.3942307692307692 0.06009615384615385 0.08173076923076923
1 0.20432692307692307 0.39663461538461536 0.10817307692307693 0.11778846153846154
10 0.11177884615384616 0.4014423076923077 0.040865384615384616 0.04326923076923077
10 0.44350961538461536 0.4026442307692308 0.028846153846153848 0.019230769230769232
1 0.3701923076923077 0.40625 0.07932692307692307 0.10096153846153846
8 0.5528846153846154 0.4074519230769231 0.038461538461538464 0.026442307692307692
10 0.23317307692307693 0.4098557692307692 0.04807692307692308 0.026442307692307692
10 0.39663461538461536 0.4110576923076923 0.026442307692307692 0.016826923076923076
1 0.7163461538461539 0.42788461538461536 0.07932692307692307 0.08653846153846154
8 0.7007211538461539 0.4362980769230769 0.04567307692307692 0.026442307692307692
2 0.5745192307692307 0.5540865384615384 0.038461538461538464 0.03365384615384615
2 0.2848557692307692 0.5997596153846154 0.03125 0.038461538461538464
2 0.359375 0.6490384615384616 0.040865384615384616 0.021634615384615384
2 0.7139423076923077 0.65625 0.038461538461538464 0.03125
2 0.04807692307692308 0.7331730769230769 0.06490384615384616 0.05048076923076923
2 0.04807692307692308 0.921875 0.04807692307692308 0.04326923076923077