1 0.5408653846153846 0.3605769230769231 0.09375 0.15625
10 0.5372596153846154 0.3605769230769231 0.06490384615384616 0.028846153846153848
1 0.6153846153846154 0.36778846153846156 0.11298076923076923 0.16105769230769232
10 0.6057692307692307 0.3870192307692308 0.06971153846153846 0.04326923076923077
1 0.09375 0.3918269230769231 0.15384615384615385 0.21875
1 0.9759615384615384 0.39903846153846156 0.04326923076923077 0.15865384615384615
1 0.2932692307692308 0.4014423076923077 0.12980769230769232 0.18028846153846154
1 0.7211538461538461 0.40384615384615385 0.10096153846153846 0.14903846153846154
1 0.7836538461538461 0.40384615384615385 0.06971153846153846 0.13221153846153846
10 0.7860576923076923 0.4050480769230769 0.04567307692307692 0.026442307692307692
10 0.12860576923076922 0.40625 0.05048076923076923 0.028846153846153848
1 0.375 0.40865384615384615 0.052884615384615384 0.125
1 0.8846153846153846 0.41346153846153844 0.12259615384615384 0.16826923076923078
10 0.8725961538461539 0.41586538461538464 0.0625 0.028846153846153848
10 0.7175480769230769 0.41586538461538464 0.06490384615384616 0.028846153846153848
1 0.42788461538461536 0.4375 0.0673076923076923 0.0985576923076923
10 0.30288461538461536 0.4411057692307692 0.0673076923076923 0.03125
2 0.8786057692307693 0.7127403846153846 0.07932692307692307 0.07451923076923077
2 0.9579326923076923 0.7223557692307693 0.04807692307692308 0.0673076923076923
2 0.25721153846153844 0.7908653846153846 0.08173076923076923 0.08413461538461539
2 0.11177884615384616 0.7932692307692307 0.10576923076923077 0.09375
2 0.7644230769230769 0.8185096153846154 0.0625 0.07451923076923077
2 0.5 0.8257211538461539 0.04567307692307692 0.057692307692307696