1 0.052884615384615384 0.5408653846153846 0.036057692307692304 0.036057692307692304
1 0.8990384615384616 0.5408653846153846 0.03365384615384615 0.04567307692307692
1 0.8004807692307693 0.5432692307692307 0.04807692307692308 0.052884615384615384
1 0.39663461538461536 0.5456730769230769 0.04567307692307692 0.055288461538461536
1 0.5625 0.5480769230769231 0.04807692307692308 0.0673076923076923
1 0.6370192307692307 0.5480769230769231 0.036057692307692304 0.04567307692307692
1 0.6778846153846154 0.5480769230769231 0.03365384615384615 0.05048076923076923
1 0.96875 0.5480769230769231 0.04807692307692308 0.057692307692307696
1 0.2764423076923077 0.5504807692307693 0.03365384615384615 0.04807692307692308
1 0.49278846153846156 0.5504807692307693 0.03125 0.04567307692307692
1 0.22596153846153846 0.5576923076923077 0.03125 0.04567307692307692
1 0.71875 0.5625 0.040865384615384616 0.052884615384615384
1 0.08173076923076923 0.5625 0.036057692307692304 0.04807692307692308
1 0.5192307692307693 0.5649038461538461 0.036057692307692304 0.05048076923076923
1 0.13221153846153846 0.5649038461538461 0.040865384615384616 0.04807692307692308
1 0.31490384615384615 0.5697115384615384 0.04567307692307692 0.057692307692307696
4 0.9350961538461539 0.5985576923076923 0.06971153846153846 0.06971153846153846
2 0.5120192307692307 0.6971153846153846 0.02403846153846154 0.026442307692307692
2 0.5985576923076923 0.703125 0.028846153846153848 0.03365384615384615
2 0.9158653846153846 0.7067307692307693 0.04326923076923077 0.04326923076923077
2 0.6862980769230769 0.7091346153846154 0.028846153846153848 0.021634615384615384
2 0.7692307692307693 0.7103365384615384 0.021634615384615384 0.028846153846153848