1 0.18269230769230768 0.3317307692307692 0.11538461538461539 0.14182692307692307
10 0.20552884615384615 0.3401442307692308 0.04807692307692308 0.03125
10 0.3545673076923077 0.3473557692307692 0.057692307692307696 0.02403846153846154
4 0.36778846153846156 0.35336538461538464 0.10576923076923077 0.09615384615384616
1 0.18389423076923078 0.036057692307692304 0.11778846153846154 0.07211538461538461
2 0.28125 0.5060096153846154 0.040865384615384616 0.04326923076923077
2 0.32572115384615385 0.5300480769230769 0.07932692307692307 0.052884615384615384
3 0.16346153846153846 0.5504807692307693 0.24278846153846154 0.5504807692307693
3 0.3894230769230769 0.5673076923076923 0.22355769230769232 0.5216346153846154
2 0.27163461538461536 0.6201923076923077 0.07451923076923077 0.06971153846153846
2 0.14543269230769232 0.6490384615384616 0.09134615384615384 0.09134615384615384
3 0.3894230769230769 0.9146634615384616 0.22596153846153846 0.16105769230769232
3 0.16346153846153846 0.9158653846153846 0.24519230769230768 0.15865384615384615
4 0.36899038461538464 0.014423076923076924 0.10817307692307693 0.028846153846153848