1 0.2932692307692308 0.3269230769230769 0.16105769230769232 0.14182692307692307
8 0.3137019230769231 0.33052884615384615 0.0889423076923077 0.06009615384615385
2 0.3557692307692308 0.3894230769230769 0.07932692307692307 0.0985576923076923
2 0.7836538461538461 0.4266826923076923 0.07932692307692307 0.057692307692307696
1 0.44711538461538464 0.44471153846153844 0.14182692307692307 0.17548076923076922
8 0.4723557692307692 0.45913461538461536 0.07692307692307693 0.05048076923076923
8 0.47596153846153844 0.06370192307692307 0.10096153846153846 0.06009615384615385
2 0.7872596153846154 0.07692307692307693 0.07451923076923077 0.07932692307692307
1 0.44711538461538464 0.07932692307692307 0.14423076923076922 0.15865384615384615
1 0.44711538461538464 0.9711538461538461 0.14423076923076922 0.04807692307692308
2 0.35336538461538464 0.12980769230769232 0.07211538461538461 0.09615384615384616
8 0.31971153846153844 0.17668269230769232 0.0673076923076923 0.040865384615384616
1 0.2932692307692308 0.1875 0.16105769230769232 0.14182692307692307