1 0.9326923076923077 0.25 0.11778846153846154 0.13942307692307693
1 0.6947115384615384 0.30288461538461536 0.09375 0.11538461538461539
1 0.4326923076923077 0.30528846153846156 0.08653846153846154 0.10576923076923077
10 0.42908653846153844 0.32091346153846156 0.06009615384615385 0.014423076923076924
1 0.9326923076923077 0.036057692307692304 0.1201923076923077 0.07211538461538461
1 0.18269230769230768 0.5168269230769231 0.08653846153846154 0.09615384615384616
2 0.3942307692307692 0.5192307692307693 0.04326923076923077 0.040865384615384616
2 0.5288461538461539 0.5360576923076923 0.04326923076923077 0.057692307692307696
1 0.06009615384615385 0.5889423076923077 0.11057692307692307 0.10576923076923077
2 0.9831730769230769 0.6213942307692307 0.028846153846153848 0.06009615384615385
2 0.14182692307692307 0.6225961538461539 0.038461538461538464 0.038461538461538464
2 0.22596153846153846 0.6454326923076923 0.040865384615384616 0.05048076923076923
2 0.14903846153846154 0.7259615384615384 0.10576923076923077 0.04807692307692308