1 0.7127403846153846 0.025240384615384616 0.0985576923076923 0.05048076923076923
1 0.9038461538461539 0.28365384615384615 0.18509615384615385 0.23317307692307693
8 0.8677884615384616 0.31490384615384615 0.11538461538461539 0.026442307692307692
1 0.5360576923076923 0.3245192307692308 0.0889423076923077 0.12259615384615384
8 0.5252403846153846 0.33052884615384615 0.057692307692307696 0.026442307692307692
1 0.5360576923076923 0.03485576923076923 0.09134615384615384 0.06971153846153846
1 0.7151442307692307 0.3401442307692308 0.09615384615384616 0.1201923076923077
10 0.6911057692307693 0.3473557692307692 0.052884615384615384 0.019230769230769232
1 0.38461538461538464 0.3557692307692308 0.09615384615384616 0.12740384615384615
2 0.5 0.3858173076923077 0.052884615384615384 0.057692307692307696
2 0.3942307692307692 0.40865384615384615 0.057692307692307696 0.055288461538461536
2 0.4326923076923077 0.4266826923076923 0.057692307692307696 0.06490384615384616
2 0.7512019230769231 0.5252403846153846 0.07692307692307693 0.05048076923076923
2 0.6526442307692307 0.5276442307692307 0.055288461538461536 0.05048076923076923
2 0.7524038461538461 0.5673076923076923 0.09134615384615384 0.06971153846153846
1 0.9038461538461539 0.0829326923076923 0.1875 0.1658653846153846
1 0.3858173076923077 0.020432692307692308 0.0985576923076923 0.040865384615384616