10 0.07692307692307693 0.37259615384615385 0.06971153846153846 0.026442307692307692
4 0.47596153846153844 0.37740384615384615 0.09375 0.14182692307692307
4 0.057692307692307696 0.37740384615384615 0.09615384615384616 0.10817307692307693
4 0.171875 0.38221153846153844 0.1346153846153846 0.15384615384615385
10 0.49278846153846156 0.39302884615384615 0.07451923076923077 0.03365384615384615
4 0.90625 0.3942307692307692 0.16826923076923078 0.17307692307692307
8 0.1935096153846154 0.3954326923076923 0.09615384615384616 0.052884615384615384
4 0.7716346153846154 0.4014423076923077 0.07932692307692307 0.10336538461538461
4 0.3125 0.40384615384615385 0.10096153846153846 0.11298076923076923
4 0.5673076923076923 0.40625 0.07451923076923077 0.10576923076923077
10 0.33052884615384615 0.41346153846153844 0.07692307692307693 0.03125
8 0.7728365384615384 0.4170673076923077 0.055288461538461536 0.028846153846153848
4 0.6514423076923077 0.4182692307692308 0.0673076923076923 0.08413461538461539
8 0.6574519230769231 0.42427884615384615 0.05048076923076923 0.026442307692307692
2 0.6201923076923077 0.6298076923076923 0.04326923076923077 0.036057692307692304