4 0.5276442307692307 0.025240384615384616 0.07451923076923077 0.05048076923076923
4 0.6454326923076923 0.030048076923076924 0.06971153846153846 0.06009615384615385
4 0.40384615384615385 0.03245192307692308 0.07211538461538461 0.06490384615384616
4 0.40384615384615385 0.3125 0.06971153846153846 0.0889423076923077
4 0.6442307692307693 0.31490384615384615 0.0673076923076923 0.08173076923076923
10 0.41346153846153844 0.32091346153846156 0.055288461538461536 0.028846153846153848
4 0.5264423076923077 0.3245192307692308 0.07211538461538461 0.08173076923076923
8 0.5300480769230769 0.33533653846153844 0.052884615384615384 0.021634615384615384
10 0.24879807692307693 0.3401442307692308 0.03365384615384615 0.021634615384615384
4 0.24759615384615385 0.34375 0.05048076923076923 0.06009615384615385
4 0.9086538461538461 0.34375 0.07692307692307693 0.08173076923076923
4 0.7620192307692307 0.36538461538461536 0.040865384615384616 0.04567307692307692
4 0.24759615384615385 0.009615384615384616 0.052884615384615384 0.019230769230769232
4 0.9098557692307693 0.015625 0.07932692307692307 0.03125