4 0.6057692307692307 0.43509615384615385 0.055288461538461536 0.052884615384615384
8 0.5997596153846154 0.4362980769230769 0.038461538461538464 0.016826923076923076
4 0.28365384615384615 0.4423076923076923 0.055288461538461536 0.06971153846153846
4 0.4723557692307692 0.44471153846153844 0.04807692307692308 0.0625
4 0.8245192307692307 0.44471153846153844 0.07692307692307693 0.08653846153846154
4 0.1201923076923077 0.4519230769230769 0.0673076923076923 0.08173076923076923
2 0.1778846153846154 0.5 0.0625 0.04326923076923077
2 0.6105769230769231 0.5841346153846154 0.055288461538461536 0.038461538461538464
2 0.34615384615384615 0.5925480769230769 0.03125 0.036057692307692304
2 0.24759615384615385 0.609375 0.04326923076923077 0.038461538461538464
2 0.8725961538461539 0.6466346153846154 0.036057692307692304 0.03365384615384615
4 0.4723557692307692 0.013221153846153846 0.05048076923076923 0.026442307692307692
4 0.12139423076923077 0.014423076923076924 0.06971153846153846 0.028846153846153848
4 0.28365384615384615 0.015625 0.057692307692307696 0.03125
4 0.6057692307692307 0.015625 0.057692307692307696 0.03125
4 0.8257211538461539 0.019230769230769232 0.07932692307692307 0.038461538461538464