8 0.14903846153846154 0.3485576923076923 0.07692307692307693 0.03365384615384615
4 0.12740384615384615 0.3581730769230769 0.11778846153846154 0.13221153846153846
8 0.31009615384615385 0.39783653846153844 0.0625 0.038461538461538464
4 0.29086538461538464 0.39903846153846156 0.09615384615384616 0.11778846153846154
8 0.5264423076923077 0.41586538461538464 0.06490384615384616 0.038461538461538464
4 0.5192307692307693 0.4206730769230769 0.08653846153846154 0.10096153846153846
4 0.3389423076923077 0.4230769230769231 0.04567307692307692 0.08173076923076923
4 0.6658653846153846 0.43509615384615385 0.0625 0.07932692307692307
10 0.6694711538461539 0.4362980769230769 0.028846153846153848 0.019230769230769232
4 0.6033653846153846 0.44471153846153844 0.0673076923076923 0.08653846153846154
4 0.8317307692307693 0.4495192307692308 0.07211538461538461 0.08173076923076923
10 0.6081730769230769 0.4495192307692308 0.03365384615384615 0.03125
4 0.12740384615384615 0.020432692307692308 0.1201923076923077 0.040865384615384616