4 0.28846153846153844 0.02403846153846154 0.14903846153846154 0.04807692307692308
4 0.5120192307692307 0.28365384615384615 0.125 0.13942307692307693
10 0.5240384615384616 0.28966346153846156 0.09134615384615384 0.040865384615384616
4 0.28966346153846156 0.3389423076923077 0.1466346153846154 0.17307692307692307
8 0.31490384615384615 0.3425480769230769 0.10817307692307693 0.057692307692307696
2 0.7115384615384616 0.3557692307692308 0.10096153846153846 0.0889423076923077
10 0.8028846153846154 0.3581730769230769 0.08653846153846154 0.03365384615384615
4 0.7860576923076923 0.3605769230769231 0.10336538461538461 0.12740384615384615
4 0.17067307692307693 0.3605769230769231 0.055288461538461536 0.07211538461538461
4 0.038461538461538464 0.3701923076923077 0.02403846153846154 0.03125
4 0.5144230769230769 0.04326923076923077 0.12740384615384615 0.08653846153846154
2 0.9362980769230769 0.7139423076923077 0.05048076923076923 0.04807692307692308
2 0.6586538461538461 0.7439903846153846 0.04567307692307692 0.06009615384615385