1 0.24639423076923078 0.027644230769230768 0.12259615384615384 0.055288461538461536
1 0.24519230769230768 0.2764423076923077 0.1201923076923077 0.13221153846153846
10 0.265625 0.28966346153846156 0.07211538461538461 0.021634615384615384
1 0.40865384615384615 0.3269230769230769 0.09134615384615384 0.12259615384615384
1 0.9711538461538461 0.33413461538461536 0.05048076923076923 0.1778846153846154
1 0.7740384615384616 0.34134615384615385 0.18028846153846154 0.18509615384615385
8 0.7115384615384616 0.3485576923076923 0.05048076923076923 0.019230769230769232
1 0.5817307692307693 0.3557692307692308 0.07451923076923077 0.0985576923076923
8 0.5745192307692307 0.3701923076923077 0.06009615384615385 0.026442307692307692
1 0.9158653846153846 0.3918269230769231 0.10817307692307693 0.13701923076923078
2 0.3233173076923077 0.4483173076923077 0.05048076923076923 0.040865384615384616
2 0.33413461538461536 0.5084134615384616 0.055288461538461536 0.055288461538461536
2 0.6370192307692307 0.8545673076923077 0.06971153846153846 0.08413461538461539