0 0.35697115384615385 0.9375 0.038461538461538464 0.11778846153846154
0 0.640625 0.9411057692307693 0.03125 0.11298076923076923
0 0.7439903846153846 0.9375 0.038461538461538464 0.11778846153846154
0 0.18629807692307693 0.9326923076923077 0.02403846153846154 0.12980769230769232
0 0.2704326923076923 0.8954326923076923 0.038461538461538464 0.11057692307692307
0 0.2283653846153846 0.890625 0.03125 0.10096153846153846
0 0.06370192307692307 0.9435096153846154 0.038461538461538464 0.10576923076923077
0 0.9254807692307693 0.9266826923076923 0.05048076923076923 0.14182692307692307
0 0.6838942307692307 0.8870192307692307 0.038461538461538464 0.12259615384615384
0 0.9266826923076923 0.8076923076923077 0.03125 0.08413461538461539
0 0.8641826923076923 0.7896634615384616 0.019230769230769232 0.07451923076923077
0 0.8209134615384616 0.7788461538461539 0.02403846153846154 0.06009615384615385
0 0.7872596153846154 0.7680288461538461 0.016826923076923076 0.057692307692307696
0 0.7608173076923077 0.7596153846153846 0.014423076923076924 0.05048076923076923
0 0.6502403846153846 0.8449519230769231 0.028846153846153848 0.09615384615384616
0 0.6237980769230769 0.8233173076923077 0.026442307692307692 0.07692307692307693
0 0.31850961538461536 0.8545673076923077 0.019230769230769232 0.07932692307692307
0 0.35096153846153844 0.8257211538461539 0.021634615384615384 0.07692307692307693
0 0.37259615384615385 0.8100961538461539 0.021634615384615384 0.0673076923076923
0 0.3894230769230769 0.796875 0.019230769230769232 0.052884615384615384
0 0.15504807692307693 0.9338942307692307 0.03365384615384615 0.12740384615384615
0 0.5961538461538461 0.7860576923076923 0.01201923076923077 0.057692307692307696
0 0.5853365384615384 0.7788461538461539 0.01201923076923077 0.052884615384615384
0 0.7355769230769231 0.7584134615384616 0.019230769230769232 0.040865384615384616
0 0.9819711538461539 0.7668269230769231 0.019230769230769232 0.04807692307692308
0 0.9375 0.7536057692307693 0.01201923076923077 0.057692307692307696
0 0.9002403846153846 0.7512019230769231 0.016826923076923076 0.04326923076923077
0 0.8677884615384616 0.7475961538461539 0.016826923076923076 0.038461538461538464
0 0.71875 0.7548076923076923 0.01201923076923077 0.036057692307692304
0 0.6526442307692307 0.8449519230769231 0.028846153846153848 0.09615384615384616
0 0.703125 0.7487980769230769 0.009615384615384616 0.03365384615384615
0 0.6887019230769231 0.7463942307692307 0.007211538461538462 0.03125
0 0.6778846153846154 0.7415865384615384 0.007211538461538462 0.021634615384615384