0 0.20673076923076922 0.6466346153846154 0.05048076923076923 0.12259615384615384
0 0.25721153846153844 0.6478365384615384 0.057692307692307696 0.11778846153846154
0 0.3112980769230769 0.6526442307692307 0.055288461538461536 0.12259615384615384
0 0.36658653846153844 0.6526442307692307 0.052884615384615384 0.11538461538461539
0 0.421875 0.6538461538461539 0.052884615384615384 0.11778846153846154
0 0.47475961538461536 0.6526442307692307 0.04807692307692308 0.11057692307692307
0 0.5276442307692307 0.6514423076923077 0.040865384615384616 0.12259615384615384
0 0.5817307692307693 0.6514423076923077 0.05048076923076923 0.12980769230769232
0 0.6346153846153846 0.6526442307692307 0.055288461538461536 0.12259615384615384
0 0.6887019230769231 0.6478365384615384 0.06009615384615385 0.12980769230769232
0 0.7439903846153846 0.6514423076923077 0.05048076923076923 0.11778846153846154
0 0.796875 0.6490384615384616 0.04807692307692308 0.12740384615384615
0 0.8485576923076923 0.6490384615384616 0.052884615384615384 0.12259615384615384