0 0.09735576923076923 0.6286057692307693 0.15384615384615385 0.15625
0 0.2860576923076923 0.6334134615384616 0.13942307692307693 0.12980769230769232
0 0.4230769230769231 0.6394230769230769 0.10817307692307693 0.11057692307692307
0 0.5132211538461539 0.6442307692307693 0.07451923076923077 0.09134615384615384
0 0.5949519230769231 0.6502403846153846 0.07692307692307693 0.08653846153846154
0 0.6466346153846154 0.6502403846153846 0.057692307692307696 0.07451923076923077
0 0.6995192307692307 0.6538461538461539 0.05048076923076923 0.06490384615384616
0 0.7427884615384616 0.6526442307692307 0.03125 0.06490384615384616
0 0.7740384615384616 0.65625 0.026442307692307692 0.055288461538461536
0 0.8004807692307693 0.65625 0.021634615384615384 0.052884615384615384
0 0.8221153846153846 0.6538461538461539 0.02403846153846154 0.05048076923076923
0 0.84375 0.65625 0.019230769230769232 0.04326923076923077