0 0.7716346153846154 0.46875 0.34615384615384615 0.8269230769230769
0 0.36177884615384615 0.6430288461538461 0.10817307692307693 0.2644230769230769
0 0.2848557692307692 0.6706730769230769 0.052884615384615384 0.15625
0 0.21754807692307693 0.6947115384615384 0.05048076923076923 0.11778846153846154
0 0.1875 0.6971153846153846 0.028846153846153848 0.08653846153846154
0 0.15865384615384615 0.6995192307692307 0.021634615384615384 0.06971153846153846
0 0.13581730769230768 0.6995192307692307 0.01201923076923077 0.057692307692307696
0 0.11778846153846154 0.7067307692307693 0.014423076923076924 0.052884615384615384
0 0.10096153846153846 0.7043269230769231 0.009615384615384616 0.040865384615384616
0 0.0829326923076923 0.7043269230769231 0.01201923076923077 0.036057692307692304
0 0.06610576923076923 0.7067307692307693 0.007211538461538462 0.036057692307692304
0 0.051682692307692304 0.7067307692307693 0.009615384615384616 0.03125
0 0.030048076923076924 0.7055288461538461 0.007211538461538462 0.03365384615384615
0 0.01201923076923077 0.7055288461538461 0.009615384615384616 0.026442307692307692