0 0.4699519230769231 0.7620192307692307 0.14903846153846154 0.43990384615384615
0 0.4987980769230769 0.5444711538461539 0.0673076923076923 0.23076923076923078
0 0.4254807692307692 0.46634615384615385 0.06009615384615385 0.15625
0 0.46033653846153844 0.44471153846153844 0.040865384615384616 0.13942307692307693
0 0.5889423076923077 0.39302884615384615 0.026442307692307692 0.09615384615384616
0 0.6346153846153846 0.3798076923076923 0.019230769230769232 0.07451923076923077
0 0.6670673076923077 0.3713942307692308 0.019230769230769232 0.06971153846153846
0 0.6838942307692307 0.359375 0.01201923076923077 0.057692307692307696
0 0.7055288461538461 0.3545673076923077 0.009615384615384616 0.04807692307692308
0 0.7199519230769231 0.35336538461538464 0.007211538461538462 0.04567307692307692
0 0.9747596153846154 0.390625 0.007211538461538462 0.052884615384615384
0 0.9507211538461539 0.37740384615384615 0.01201923076923077 0.05048076923076923
0 0.9314903846153846 0.3605769230769231 0.01201923076923077 0.04807692307692308