8 0.3954326923076923 0.21394230769230768 0.04326923076923077 0.026442307692307692
8 0.22716346153846154 0.234375 0.057692307692307696 0.03365384615384615
6 0.39783653846153844 0.23557692307692307 0.08653846153846154 0.16105769230769232
8 0.5637019230769231 0.23918269230769232 0.05048076923076923 0.03365384615384615
8 0.046875 0.25240384615384615 0.0673076923076923 0.057692307692307696
6 0.5673076923076923 0.2608173076923077 0.07211538461538461 0.14182692307692307
8 0.7247596153846154 0.2608173076923077 0.055288461538461536 0.02403846153846154
6 0.04326923076923077 0.2764423076923077 0.08413461538461539 0.20192307692307693
6 0.7271634615384616 0.2764423076923077 0.07932692307692307 0.16105769230769232
8 0.9038461538461539 0.31971153846153844 0.06971153846153846 0.038461538461538464
6 0.8990384615384616 0.3449519230769231 0.10576923076923077 0.20432692307692307
7 0.7860576923076923 0.38221153846153844 0.026442307692307692 0.08173076923076923
7 0.6298076923076923 0.38461538461538464 0.03125 0.07692307692307693
7 0.29086538461538464 0.4423076923076923 0.04807692307692308 0.0673076923076923
7 0.18990384615384615 0.4495192307692308 0.04807692307692308 0.0673076923076923
7 0.5336538461538461 0.48677884615384615 0.038461538461538464 0.06971153846153846
7 0.6045673076923077 0.4879807692307692 0.03365384615384615 0.0673076923076923
7 0.8016826923076923 0.4891826923076923 0.03125 0.0985576923076923
7 0.4543269230769231 0.49278846153846156 0.040865384615384616 0.07211538461538461
7 0.9747596153846154 0.5024038461538461 0.036057692307692304 0.10576923076923077
7 0.36658653846153844 0.5072115384615384 0.040865384615384616 0.0673076923076923
7 0.030048076923076924 0.5637019230769231 0.06009615384615385 0.06009615384615385
7 0.12980769230769232 0.625 0.03125 0.09134615384615384