7 0.75 0.2824519230769231 0.03365384615384615 0.10096153846153846
7 0.5252403846153846 0.3088942307692308 0.06490384615384616 0.08173076923076923
7 0.06850961538461539 0.3762019230769231 0.038461538461538464 0.04807692307692308
7 0.3545673076923077 0.4362980769230769 0.04326923076923077 0.057692307692307696
7 0.4495192307692308 0.46875 0.03365384615384615 0.0673076923076923
7 0.38221153846153844 0.4699519230769231 0.04326923076923077 0.055288461538461536
7 0.6334134615384616 0.4891826923076923 0.03365384615384615 0.0889423076923077
7 0.2800480769230769 0.5216346153846154 0.038461538461538464 0.12740384615384615
6 0.13581730769230768 0.17548076923076922 0.057692307692307696 0.08413461538461539
6 0.20192307692307693 0.19110576923076922 0.07692307692307693 0.14423076923076922
6 0.36778846153846156 0.21033653846153846 0.07451923076923077 0.11538461538461539
6 0.7608173076923077 0.21033653846153846 0.08173076923076923 0.15144230769230768
6 0.5228365384615384 0.21153846153846154 0.06490384615384616 0.13701923076923078
7 0.10817307692307693 0.23677884615384615 0.03365384615384615 0.0985576923076923