4 0.6658653846153846 0.3701923076923077 0.057692307692307696 0.0625
4 0.5024038461538461 0.4519230769230769 0.052884615384615384 0.0673076923076923
4 0.25961538461538464 0.46875 0.05048076923076923 0.07932692307692307
4 0.31971153846153844 0.46875 0.055288461538461536 0.06971153846153846
4 0.7115384615384616 0.47115384615384615 0.0625 0.07692307692307693
2 0.6394230769230769 0.47836538461538464 0.036057692307692304 0.028846153846153848
4 0.2091346153846154 0.4855769230769231 0.057692307692307696 0.08173076923076923
4 0.8028846153846154 0.5120192307692307 0.0889423076923077 0.10576923076923077
2 0.5240384615384616 0.53125 0.021634615384615384 0.026442307692307692
2 0.24158653846153846 0.5673076923076923 0.036057692307692304 0.038461538461538464
2 0.7872596153846154 0.6346153846153846 0.052884615384615384 0.04326923076923077