4 0.7932692307692307 0.38221153846153844 0.04567307692307692 0.057692307692307696
4 0.8557692307692307 0.3942307692307692 0.04567307692307692 0.052884615384615384
4 0.9855769230769231 0.40384615384615385 0.021634615384615384 0.057692307692307696
4 0.4326923076923077 0.40865384615384615 0.057692307692307696 0.06971153846153846
10 0.42788461538461536 0.4110576923076923 0.036057692307692304 0.014423076923076924
1 0.02403846153846154 0.4110576923076923 0.04567307692307692 0.11538461538461539
4 0.5408653846153846 0.41346153846153844 0.057692307692307696 0.06971153846153846
4 0.921875 0.41586538461538464 0.03365384615384615 0.052884615384615384
4 0.8088942307692307 0.4230769230769231 0.05048076923076923 0.06971153846153846
8 0.8064903846153846 0.43149038461538464 0.040865384615384616 0.021634615384615384
4 0.35096153846153844 0.4326923076923077 0.0673076923076923 0.06490384615384616
10 0.953125 0.4338942307692308 0.03365384615384615 0.021634615384615384
4 0.9471153846153846 0.43509615384615385 0.04567307692307692 0.06490384615384616
10 0.8509615384615384 0.4423076923076923 0.036057692307692304 0.028846153846153848
4 0.8485576923076923 0.44711538461538464 0.04326923076923077 0.06971153846153846
4 0.4639423076923077 0.4519230769230769 0.04567307692307692 0.0673076923076923
4 0.5048076923076923 0.47596153846153844 0.08173076923076923 0.09615384615384616
10 0.3581730769230769 0.4855769230769231 0.0889423076923077 0.040865384615384616
4 0.3605769230769231 0.4879807692307692 0.07692307692307693 0.09615384615384616
4 0.6490384615384616 0.5 0.08173076923076923 0.11057692307692307
10 0.6442307692307693 0.5024038461538461 0.055288461538461536 0.026442307692307692
2 0.9375 0.5144230769230769 0.028846153846153848 0.021634615384615384
4 0.703125 0.5168269230769231 0.057692307692307696 0.08413461538461539
2 0.8533653846153846 0.5564903846153846 0.038461538461538464 0.055288461538461536
2 0.6141826923076923 0.6454326923076923 0.06009615384615385 0.055288461538461536
2 0.6586538461538461 0.6959134615384616 0.07932692307692307 0.057692307692307696
2 0.47475961538461536 0.7644230769230769 0.052884615384615384 0.06009615384615385
2 0.23677884615384615 0.765625 0.04326923076923077 0.04567307692307692
2 0.24519230769230768 0.8954326923076923 0.07451923076923077 0.06971153846153846
2 0.46634615384615385 0.8990384615384616 0.05048076923076923 0.04567307692307692
2 0.6526442307692307 0.9579326923076923 0.0673076923076923 0.0625