10 0.018028846153846152 0.37740384615384615 0.036057692307692304 0.04807692307692308
10 0.3112980769230769 0.3798076923076923 0.036057692307692304 0.040865384615384616
2 0.49759615384615385 0.39783653846153844 0.055288461538461536 0.06009615384615385
1 0.28125 0.41346153846153844 0.18028846153846154 0.11778846153846154
1 0.06610576923076923 0.41346153846153844 0.13221153846153846 0.1201923076923077
1 0.02403846153846154 0.53125 0.04807692307692308 0.13942307692307693
1 0.3581730769230769 0.53125 0.16346153846153846 0.13701923076923078
7 0.5120192307692307 0.12740384615384615 0.0985576923076923 0.14903846153846154
2 0.47115384615384615 0.15625 0.0625 0.052884615384615384
10 0.33533653846153844 0.15865384615384615 0.052884615384615384 0.028846153846153848
1 0.3004807692307692 0.16105769230769232 0.12259615384615384 0.11298076923076923
1 0.042067307692307696 0.16105769230769232 0.08413461538461539 0.11538461538461539
1 0.5192307692307693 0.18028846153846154 0.14423076923076922 0.14903846153846154
2 0.49038461538461536 0.21514423076923078 0.09375 0.0625