4 0.6394230769230769 0.47115384615384615 0.05048076923076923 0.0625
1 0.4567307692307692 0.4735576923076923 0.04567307692307692 0.052884615384615384
4 0.3629807692307692 0.47596153846153844 0.052884615384615384 0.057692307692307696
4 0.3076923076923077 0.4831730769230769 0.036057692307692304 0.040865384615384616
1 0.5456730769230769 0.49038461538461536 0.04807692307692308 0.05048076923076923
4 0.24278846153846154 0.49278846153846156 0.040865384615384616 0.04567307692307692
4 0.7283653846153846 0.49759615384615385 0.03365384615384615 0.03365384615384615
4 0.9038461538461539 0.5 0.03125 0.03365384615384615
2 0.4411057692307692 0.5841346153846154 0.028846153846153848 0.028846153846153848
2 0.26322115384615385 0.5889423076923077 0.03125 0.03365384615384615
2 0.32211538461538464 0.5901442307692307 0.036057692307692304 0.028846153846153848
2 0.5853365384615384 0.5973557692307693 0.02403846153846154 0.028846153846153848
2 0.5132211538461539 0.5985576923076923 0.019230769230769232 0.026442307692307692