1 0.7788461538461539 0.37740384615384615 0.052884615384615384 0.04567307692307692
1 0.6586538461538461 0.3798076923076923 0.040865384615384616 0.028846153846153848
1 0.5745192307692307 0.4014423076923077 0.04807692307692308 0.038461538461538464
1 0.4519230769230769 0.4110576923076923 0.04567307692307692 0.038461538461538464
8 0.5877403846153846 0.4495192307692308 0.016826923076923076 0.026442307692307692
1 0.3317307692307692 0.45913461538461536 0.036057692307692304 0.038461538461538464
8 0.41225961538461536 0.47596153846153844 0.02403846153846154 0.019230769230769232
8 0.5132211538461539 0.47716346153846156 0.016826923076923076 0.028846153846153848
1 0.6586538461538461 0.006009615384615385 0.04326923076923077 0.01201923076923077
8 0.49399038461538464 0.4855769230769231 0.021634615384615384 0.03365384615384615
1 0.7800480769230769 0.010817307692307692 0.055288461538461536 0.021634615384615384