1 0.6430288461538461 0.026442307692307692 0.0985576923076923 0.052884615384615384
1 0.1466346153846154 0.27403846153846156 0.13701923076923078 0.15865384615384615
10 0.15504807692307693 0.2980769230769231 0.08653846153846154 0.04326923076923077
10 0.15745192307692307 0.036057692307692304 0.08173076923076923 0.02403846153846154
1 0.6418269230769231 0.3485576923076923 0.09615384615384616 0.1346153846153846
1 0.3918269230769231 0.3557692307692308 0.09134615384615384 0.11778846153846154
10 0.6382211538461539 0.3701923076923077 0.06009615384615385 0.02403846153846154
10 0.4050480769230769 0.3713942307692308 0.052884615384615384 0.028846153846153848
1 0.9543269230769231 0.38221153846153844 0.08173076923076923 0.12259615384615384
1 0.2956730769230769 0.39663461538461536 0.057692307692307696 0.08413461538461539
1 0.5408653846153846 0.39663461538461536 0.057692307692307696 0.07451923076923077
1 0.8822115384615384 0.4206730769230769 0.03365384615384615 0.057692307692307696
1 0.78125 0.4254807692307692 0.0673076923076923 0.0673076923076923
8 0.7932692307692307 0.4362980769230769 0.036057692307692304 0.02403846153846154
2 0.40625 0.46153846153846156 0.06490384615384616 0.052884615384615384
2 0.7728365384615384 0.546875 0.038461538461538464 0.036057692307692304
2 0.4951923076923077 0.5564903846153846 0.03125 0.038461538461538464
2 0.45072115384615385 0.6165865384615384 0.038461538461538464 0.05048076923076923
2 0.9867788461538461 0.6334134615384616 0.021634615384615384 0.04807692307692308
2 0.5276442307692307 0.6346153846153846 0.04326923076923077 0.06009615384615385
2 0.8521634615384616 0.6430288461538461 0.04326923076923077 0.05048076923076923
2 0.2439903846153846 0.6478365384615384 0.040865384615384616 0.08653846153846154
1 0.1466346153846154 0.06971153846153846 0.13942307692307693 0.13942307692307693
1 0.39302884615384615 0.018028846153846152 0.09375 0.036057692307692304