1 0.15625 0.3293269230769231 0.1778846153846154 0.1971153846153846
10 0.17908653846153846 0.34975961538461536 0.09134615384615384 0.040865384615384616
4 0.2668269230769231 0.3737980769230769 0.11057692307692307 0.15384615384615385
1 0.9086538461538461 0.3918269230769231 0.1658653846153846 0.20192307692307693
10 0.8918269230769231 0.41947115384615385 0.07692307692307693 0.05048076923076923
1 0.15745192307692307 0.051682692307692304 0.18028846153846154 0.10336538461538461
2 0.2848557692307692 0.6153846153846154 0.06490384615384616 0.06971153846153846
2 0.8617788461538461 0.6490384615384616 0.0985576923076923 0.07932692307692307
2 0.9338942307692307 0.703125 0.08173076923076923 0.08653846153846154
4 0.26802884615384615 0.019230769230769232 0.11298076923076923 0.038461538461538464
1 0.9086538461538461 0.021634615384615384 0.16826923076923078 0.04326923076923077