1 0.7091346153846154 0.028846153846153848 0.13942307692307693 0.057692307692307696
1 0.2668269230769231 0.31009615384615385 0.06971153846153846 0.08413461538461539
1 0.7091346153846154 0.3293269230769231 0.13701923076923078 0.1658653846153846
10 0.8798076923076923 0.34615384615384615 0.10817307692307693 0.052884615384615384
7 0.17067307692307693 0.3485576923076923 0.04807692307692308 0.036057692307692304
1 0.8966346153846154 0.35336538461538464 0.15865384615384615 0.18269230769230768
7 0.7680288461538461 0.3918269230769231 0.08653846153846154 0.10817307692307693
1 0.37259615384615385 0.44471153846153844 0.08173076923076923 0.07211538461538461
1 0.6081730769230769 0.5240384615384616 0.0985576923076923 0.1201923076923077
1 0.49759615384615385 0.5288461538461539 0.10576923076923077 0.13221153846153846
7 0.3942307692307692 0.578125 0.03365384615384615 0.038461538461538464
7 0.5997596153846154 0.6105769230769231 0.06971153846153846 0.06009615384615385
1 0.2668269230769231 0.018028846153846152 0.07211538461538461 0.036057692307692304
7 0.9086538461538461 0.19831730769230768 0.1201923076923077 0.11298076923076923
1 0.8978365384615384 0.021634615384615384 0.16105769230769232 0.04326923076923077