1 0.4375 0.2620192307692308 0.13221153846153846 0.17307692307692307
10 0.45913461538461536 0.2668269230769231 0.07692307692307693 0.021634615384615384
1 0.18990384615384615 0.34615384615384615 0.09375 0.09134615384615384
10 0.19831730769230768 0.359375 0.04326923076923077 0.019230769230769232
1 0.1201923076923077 0.38221153846153844 0.07451923076923077 0.07692307692307693
1 0.03125 0.4326923076923077 0.055288461538461536 0.06971153846153846
7 0.3485576923076923 0.47716346153846156 0.06009615384615385 0.04807692307692308
7 0.23076923076923078 0.4807692307692308 0.06009615384615385 0.038461538461538464
7 0.6923076923076923 0.5 0.08173076923076923 0.07932692307692307
7 0.09375 0.5 0.05048076923076923 0.040865384615384616
7 0.5805288461538461 0.5060096153846154 0.08413461538461539 0.09615384615384616
7 0.052884615384615384 0.5336538461538461 0.055288461538461536 0.038461538461538464
1 0.4375 0.08173076923076923 0.1346153846153846 0.16346153846153846
1 0.18990384615384615 0.019230769230769232 0.09615384615384616 0.038461538461538464