1 0.5528846153846154 0.44471153846153844 0.07692307692307693 0.10576923076923077
10 0.546875 0.4483173076923077 0.057692307692307696 0.019230769230769232
1 0.4206730769230769 0.46634615384615385 0.057692307692307696 0.08173076923076923
1 0.4735576923076923 0.47115384615384615 0.05048076923076923 0.07211538461538461
1 0.18269230769230768 0.47115384615384615 0.06009615384615385 0.07211538461538461
10 0.4699519230769231 0.4723557692307692 0.036057692307692304 0.021634615384615384
1 0.3581730769230769 0.4807692307692308 0.05048076923076923 0.06971153846153846
1 0.25240384615384615 0.4879807692307692 0.055288461538461536 0.06971153846153846
1 0.3317307692307692 0.49038461538461536 0.03365384615384615 0.06971153846153846
2 0.09134615384615384 0.6550480769230769 0.03365384615384615 0.038461538461538464
2 0.2620192307692308 0.6586538461538461 0.019230769230769232 0.028846153846153848
2 0.20432692307692307 0.6634615384615384 0.028846153846153848 0.04326923076923077
2 0.4110576923076923 0.6790865384615384 0.03365384615384615 0.04326923076923077
2 0.30649038461538464 0.6838942307692307 0.021634615384615384 0.03125
2 0.5949519230769231 0.7043269230769231 0.038461538461538464 0.04326923076923077