10 0.8245192307692307 0.29447115384615385 0.13701923076923078 0.05048076923076923
1 0.8076923076923077 0.30288461538461536 0.2548076923076923 0.2764423076923077
10 0.8269230769230769 0.03245192307692308 0.13701923076923078 0.06490384615384616
1 0.24278846153846154 0.3245192307692308 0.23076923076923078 0.2403846153846154
10 0.25841346153846156 0.3317307692307692 0.11778846153846154 0.07692307692307693
1 0.4879807692307692 0.41586538461538464 0.16346153846153846 0.20192307692307693
10 0.49399038461538464 0.43028846153846156 0.09134615384615384 0.052884615384615384
2 0.5420673076923077 0.578125 0.16826923076923078 0.19471153846153846
2 0.5444711538461539 0.5853365384615384 0.1875 0.18028846153846154
1 0.2439903846153846 0.06490384615384616 0.23317307692307693 0.12980769230769232
2 0.109375 0.75 0.20432692307692307 0.11538461538461539
1 0.8088942307692307 0.08413461538461539 0.25721153846153844 0.16826923076923078
2 0.11057692307692307 0.8954326923076923 0.21153846153846154 0.14182692307692307