1 0.6382211538461539 0.027644230769230768 0.06971153846153846 0.055288461538461536
1 0.6370192307692307 0.3245192307692308 0.0673076923076923 0.08173076923076923
7 0.18389423076923078 0.453125 0.038461538461538464 0.05048076923076923
7 0.3737980769230769 0.49759615384615385 0.03365384615384615 0.04326923076923077
7 0.7668269230769231 0.5168269230769231 0.036057692307692304 0.0625
1 0.4735576923076923 0.59375 0.07211538461538461 0.09134615384615384
7 0.5048076923076923 0.7043269230769231 0.04807692307692308 0.03365384615384615
7 0.4519230769230769 0.7764423076923077 0.0625 0.05048076923076923
7 0.4567307692307692 0.8834134615384616 0.052884615384615384 0.040865384615384616
7 0.5096153846153846 0.9495192307692307 0.06490384615384616 0.040865384615384616
1 0.34615384615384615 0.10096153846153846 0.0889423076923077 0.09375
1 0.8581730769230769 0.10576923076923077 0.14182692307692307 0.10817307692307693
1 0.8581730769230769 0.23076923076923078 0.14182692307692307 0.10817307692307693
1 0.34615384615384615 0.23557692307692307 0.0889423076923077 0.09375