4 0.5528846153846154 0.030048076923076924 0.1466346153846154 0.06009615384615385
8 0.5673076923076923 0.35216346153846156 0.11538461538461539 0.04326923076923077
4 0.36538461538461536 0.3581730769230769 0.16346153846153846 0.21394230769230768
4 0.5516826923076923 0.3581730769230769 0.14423076923076922 0.17067307692307693
10 0.4110576923076923 0.3701923076923077 0.07451923076923077 0.052884615384615384
4 0.36658653846153844 0.040865384615384616 0.1658653846153846 0.08173076923076923
4 0.042067307692307696 0.4206730769230769 0.07692307692307693 0.125
4 0.6430288461538461 0.4206730769230769 0.06971153846153846 0.07692307692307693
10 0.9050480769230769 0.4483173076923077 0.05048076923076923 0.040865384615384616
4 0.8725961538461539 0.4495192307692308 0.10576923076923077 0.13701923076923078
4 0.7596153846153846 0.46153846153846156 0.0625 0.08413461538461539
4 0.78125 0.4735576923076923 0.07451923076923077 0.09375
2 0.6502403846153846 0.7872596153846154 0.08173076923076923 0.0985576923076923
2 0.6526442307692307 0.8665865384615384 0.07932692307692307 0.10817307692307693