4 0.6322115384615384 0.03245192307692308 0.10576923076923077 0.06490384615384616
4 0.22355769230769232 0.31490384615384615 0.11538461538461539 0.15384615384615385
10 0.23677884615384615 0.3269230769230769 0.07451923076923077 0.036057692307692304
8 0.6322115384615384 0.33774038461538464 0.07451923076923077 0.026442307692307692
4 0.6322115384615384 0.3389423076923077 0.10336538461538461 0.12980769230769232
4 0.5408653846153846 0.3581730769230769 0.08653846153846154 0.10576923076923077
4 0.9435096153846154 0.36538461538461536 0.10096153846153846 0.11778846153846154
4 0.8016826923076923 0.36778846153846156 0.10096153846153846 0.12259615384615384
10 0.9375 0.37259615384615385 0.06009615384615385 0.03125
8 0.7980769230769231 0.375 0.06971153846153846 0.036057692307692304
10 0.40384615384615385 0.3858173076923077 0.08173076923076923 0.03125
4 0.39663461538461536 0.3870192307692308 0.10817307692307693 0.14182692307692307
2 0.8317307692307693 0.44471153846153844 0.06971153846153846 0.06971153846153846
2 0.5492788461538461 0.44711538461538464 0.04807692307692308 0.0673076923076923
2 0.9050480769230769 0.4963942307692308 0.03365384615384615 0.052884615384615384
4 0.2247596153846154 0.05048076923076923 0.11778846153846154 0.10096153846153846
2 0.16466346153846154 0.578125 0.07932692307692307 0.06009615384615385
4 0.7992788461538461 0.015625 0.10336538461538461 0.03125
4 0.9435096153846154 0.015625 0.10336538461538461 0.03125
4 0.5420673076923077 0.016826923076923076 0.0889423076923077 0.03365384615384615