4 0.3894230769230769 0.4206730769230769 0.057692307692307696 0.07692307692307693
4 0.125 0.4375 0.04567307692307692 0.057692307692307696
4 0.5072115384615384 0.43990384615384615 0.03365384615384615 0.04567307692307692
4 0.9110576923076923 0.43990384615384615 0.12980769230769232 0.12980769230769232
4 0.625 0.4519230769230769 0.057692307692307696 0.06971153846153846
4 0.2932692307692308 0.4567307692307692 0.028846153846153848 0.04567307692307692
4 0.3269230769230769 0.4567307692307692 0.03365384615384615 0.04326923076923077
4 0.5480769230769231 0.45913461538461536 0.038461538461538464 0.052884615384615384
2 0.35216346153846156 0.46033653846153844 0.03365384615384615 0.052884615384615384
4 0.7019230769230769 0.46153846153846156 0.026442307692307692 0.04326923076923077
4 0.7451923076923077 0.46875 0.052884615384615384 0.05048076923076923
2 0.49278846153846156 0.47115384615384615 0.028846153846153848 0.03365384615384615
2 0.7692307692307693 0.5264423076923077 0.055288461538461536 0.06971153846153846