1 0.4567307692307692 0.3076923076923077 0.12740384615384615 0.17067307692307693
1 0.5300480769230769 0.03245192307692308 0.17548076923076922 0.06490384615384616
10 0.4411057692307692 0.3293269230769231 0.0625 0.04567307692307692
1 0.5288461538461539 0.3581730769230769 0.17307692307692307 0.1778846153846154
1 0.7908653846153846 0.3942307692307692 0.14903846153846154 0.1658653846153846
1 0.21634615384615385 0.44471153846153844 0.4014423076923077 0.41346153846153844
1 0.21634615384615385 0.046875 0.40384615384615385 0.09375
1 0.4567307692307692 0.055288461538461536 0.12980769230769232 0.11057692307692307
1 0.8197115384615384 0.5576923076923077 0.25 0.2956730769230769
8 0.7752403846153846 0.5877403846153846 0.06490384615384616 0.04326923076923077
1 0.4206730769230769 0.6586538461538461 0.28125 0.28846153846153844
1 0.4206730769230769 0.9278846153846154 0.28365384615384615 0.1346153846153846