1 0.10096153846153846 0.026442307692307692 0.08173076923076923 0.052884615384615384
10 0.5336538461538461 0.028846153846153848 0.05048076923076923 0.03125
1 0.5528846153846154 0.28365384615384615 0.09615384615384616 0.14182692307692307
1 0.2956730769230769 0.2860576923076923 0.08653846153846154 0.10096153846153846
1 0.8413461538461539 0.30288461538461536 0.0625 0.07692307692307693
10 0.5348557692307693 0.30408653846153844 0.05048076923076923 0.04567307692307692
1 0.10096153846153846 0.3293269230769231 0.07932692307692307 0.09615384615384616
1 0.8425480769230769 0.03485576923076923 0.06490384615384616 0.06971153846153846
7 0.10817307692307693 0.36538461538461536 0.040865384615384616 0.04326923076923077
7 0.8100961538461539 0.43149038461538464 0.057692307692307696 0.055288461538461536
3 0.28966346153846156 0.046875 0.19951923076923078 0.09375
3 0.12259615384615384 0.46153846153846156 0.16826923076923078 0.3605769230769231
3 0.8485576923076923 0.46875 0.15144230769230768 0.4182692307692308
3 0.28846153846153844 0.4735576923076923 0.1971153846153846 0.46875
1 0.296875 0.04927884615384615 0.0889423076923077 0.0985576923076923
2 0.90625 0.5012019230769231 0.04807692307692308 0.05048076923076923
3 0.6129807692307693 0.5048076923076923 0.30528846153846156 0.5576923076923077
7 0.25 0.515625 0.04807692307692308 0.05048076923076923
7 0.5420673076923077 0.5300480769230769 0.06490384615384616 0.06490384615384616
7 0.33413461538461536 0.5324519230769231 0.04567307692307692 0.052884615384615384
1 0.5540865384615384 0.06009615384615385 0.0985576923076923 0.1201923076923077
3 0.6129807692307693 0.9375 0.3076923076923077 0.11538461538461539
10 0.8449519230769231 0.020432692307692308 0.04807692307692308 0.016826923076923076