1 0.421875 0.027644230769230768 0.06490384615384616 0.055288461538461536
1 0.7139423076923077 0.30528846153846156 0.08653846153846154 0.11298076923076923
1 0.5649038461538461 0.3125 0.06971153846153846 0.09375
1 0.4206730769230769 0.3173076923076923 0.0625 0.07932692307692307
10 0.7103365384615384 0.31971153846153844 0.06490384615384616 0.028846153846153848
10 0.5588942307692307 0.32091346153846156 0.02403846153846154 0.019230769230769232
10 0.42427884615384615 0.3233173076923077 0.04326923076923077 0.019230769230769232
1 0.34615384615384615 0.3317307692307692 0.055288461538461536 0.07451923076923077
1 0.5649038461538461 0.03365384615384615 0.07211538461538461 0.0673076923076923
10 0.34975961538461536 0.3473557692307692 0.038461538461538464 0.014423076923076924
1 0.10336538461538461 0.375 0.08413461538461539 0.10576923076923077
10 0.10697115384615384 0.38822115384615385 0.0625 0.019230769230769232
1 0.7151442307692307 0.042067307692307696 0.0889423076923077 0.08413461538461539
2 0.5024038461538461 0.515625 0.028846153846153848 0.028846153846153848
2 0.5216346153846154 0.5252403846153846 0.03125 0.03365384615384615
2 0.38221153846153844 0.5252403846153846 0.03365384615384615 0.028846153846153848
2 0.6141826923076923 0.5300480769230769 0.026442307692307692 0.03365384615384615
2 0.6310096153846154 0.5564903846153846 0.03365384615384615 0.038461538461538464
2 0.7596153846153846 0.5925480769230769 0.04567307692307692 0.05048076923076923
2 0.05048076923076923 0.6165865384615384 0.036057692307692304 0.04807692307692308
2 0.19471153846153846 0.6262019230769231 0.055288461538461536 0.04807692307692308
1 0.34615384615384615 0.019230769230769232 0.057692307692307696 0.038461538461538464