4 0.7451923076923077 0.25 0.09615384615384616 0.1201923076923077
10 0.33774038461538464 0.2704326923076923 0.038461538461538464 0.019230769230769232
10 0.6682692307692307 0.27524038461538464 0.04326923076923077 0.02403846153846154
4 0.33653846153846156 0.27884615384615385 0.05048076923076923 0.0625
4 0.6730769230769231 0.28846153846153844 0.06009615384615385 0.0673076923076923
4 0.7463942307692307 0.030048076923076924 0.0985576923076923 0.06009615384615385
10 0.5288461538461539 0.2956730769230769 0.040865384615384616 0.01201923076923077
4 0.8341346153846154 0.2980769230769231 0.0673076923076923 0.0889423076923077
10 0.8389423076923077 0.29927884615384615 0.055288461538461536 0.019230769230769232
4 0.5240384615384616 0.30528846153846156 0.04807692307692308 0.0673076923076923
8 0.2403846153846154 0.30649038461538464 0.028846153846153848 0.016826923076923076
4 0.22596153846153846 0.31009615384615385 0.055288461538461536 0.06971153846153846
2 0.39302884615384615 0.4254807692307692 0.028846153846153848 0.028846153846153848
2 0.4519230769230769 0.44591346153846156 0.03365384615384615 0.04567307692307692
2 0.20432692307692307 0.47836538461538464 0.028846153846153848 0.026442307692307692
2 0.7235576923076923 0.5048076923076923 0.052884615384615384 0.05048076923076923