1 0.43509615384615385 0.43028846153846156 0.12740384615384615 0.16105769230769232
1 0.16105769230769232 0.4423076923076923 0.18028846153846154 0.19471153846153846
10 0.46153846153846156 0.453125 0.0673076923076923 0.02403846153846154
10 0.20793269230769232 0.4579326923076923 0.06971153846153846 0.038461538461538464
1 0.43509615384615385 0.05889423076923077 0.12980769230769232 0.11778846153846154
2 0.6310096153846154 0.5901442307692307 0.07692307692307693 0.0889423076923077
1 0.16105769230769232 0.06129807692307692 0.18269230769230768 0.12259615384615384
2 0.27884615384615385 0.6538461538461539 0.0889423076923077 0.05048076923076923
2 0.28725961538461536 0.8557692307692307 0.06971153846153846 0.08173076923076923
2 0.6322115384615384 0.9242788461538461 0.07932692307692307 0.08413461538461539
10 0.47115384615384615 0.019230769230769232 0.04807692307692308 0.038461538461538464