1 0.16346153846153846 0.4326923076923077 0.08413461538461539 0.11538461538461539
1 0.4519230769230769 0.43990384615384615 0.07932692307692307 0.11538461538461539
10 0.4495192307692308 0.45072115384615385 0.055288461538461536 0.03125
10 0.17067307692307693 0.45072115384615385 0.04807692307692308 0.02403846153846154
1 0.30528846153846156 0.4543269230769231 0.08413461538461539 0.11538461538461539
1 0.5817307692307693 0.4567307692307692 0.07451923076923077 0.11057692307692307
10 0.5817307692307693 0.4639423076923077 0.06490384615384616 0.026442307692307692
10 0.30649038461538464 0.4651442307692308 0.057692307692307696 0.019230769230769232
2 0.36177884615384615 0.6971153846153846 0.036057692307692304 0.04326923076923077
2 0.6514423076923077 0.7007211538461539 0.028846153846153848 0.05048076923076923
2 0.10697115384615384 0.7163461538461539 0.04807692307692308 0.038461538461538464