0 0.9110576923076923 0.4110576923076923 0.17307692307692307 0.6875
0 0.6875 0.3317307692307692 0.15625 0.5504807692307693
0 0.5276442307692307 0.2764423076923077 0.1346153846153846 0.44711538461538464
0 0.3942307692307692 0.23798076923076922 0.125 0.38221153846153844
0 0.2800480769230769 0.20673076923076922 0.07932692307692307 0.3317307692307692
0 0.21153846153846154 0.18389423076923078 0.0625 0.2956730769230769
0 0.15504807692307693 0.16826923076923078 0.0625 0.2668269230769231
0 0.11778846153846154 0.15264423076923078 0.038461538461538464 0.24519230769230768
0 0.056490384615384616 0.13221153846153846 0.036057692307692304 0.21634615384615385
0 0.8737980769230769 0.12860576923076922 0.052884615384615384 0.21634615384615385
0 0.7992788461538461 0.12139423076923077 0.055288461538461536 0.19471153846153846
0 0.6009615384615384 0.10096153846153846 0.03365384615384615 0.16105769230769232