0 0.16706730769230768 0.6670673076923077 0.21634615384615385 0.5721153846153846
0 0.5240384615384616 0.6514423076923077 0.22115384615384615 0.5721153846153846
0 0.8870192307692307 0.6382211538461539 0.22115384615384615 0.5576923076923077
0 0.9567307692307693 0.42908653846153844 0.08413461538461539 0.35096153846153844
0 0.7487980769230769 0.3870192307692308 0.13942307692307693 0.3125
0 0.6502403846153846 0.4375 0.13942307692307693 0.3629807692307692
0 0.5709134615384616 0.3425480769230769 0.11538461538461539 0.29086538461538464
0 0.3870192307692308 0.4411057692307692 0.13942307692307693 0.3581730769230769
0 0.12740384615384615 0.4519230769230769 0.1466346153846154 0.36538461538461536
0 0.1875 0.25841346153846156 0.0889423076923077 0.2283653846153846
0 0.054086538461538464 0.24158653846153846 0.09615384615384616 0.22596153846153846
0 0.32572115384615385 0.2848557692307692 0.11298076923076923 0.25721153846153844
0 0.453125 0.3137019230769231 0.10576923076923077 0.27403846153846156
0 0.0733173076923077 0.12860576923076922 0.055288461538461536 0.14903846153846154
0 0.15865384615384615 0.1310096153846154 0.05048076923076923 0.15144230769230768
0 0.23677884615384615 0.1310096153846154 0.057692307692307696 0.15144230769230768
0 0.31490384615384615 0.13581730769230768 0.04807692307692308 0.14182692307692307
0 0.39663461538461536 0.13581730769230768 0.052884615384615384 0.14903846153846154
0 0.47475961538461536 0.140625 0.04807692307692308 0.13942307692307693
0 0.5637019230769231 0.14423076923076922 0.055288461538461536 0.13701923076923078
0 0.6490384615384616 0.15384615384615385 0.055288461538461536 0.125
0 0.7475961538461539 0.14903846153846154 0.055288461538461536 0.15144230769230768
0 0.8473557692307693 0.14903846153846154 0.052884615384615384 0.14423076923076922
0 0.9519230769230769 0.15384615384615385 0.057692307692307696 0.16105769230769232