0 0.11778846153846154 0.6057692307692307 0.12740384615384615 0.18990384615384615
0 0.25240384615384615 0.7283653846153846 0.15625 0.22596153846153846
0 0.46274038461538464 0.8016826923076923 0.16105769230769232 0.37259615384615385
0 0.7728365384615384 0.6658653846153846 0.13942307692307693 0.35336538461538464
0 0.14182692307692307 0.38461538461538464 0.11538461538461539 0.2644230769230769
0 0.34375 0.18389423076923078 0.07932692307692307 0.19951923076923078
0 0.5252403846153846 0.11899038461538461 0.06971153846153846 0.18028846153846154
0 0.5901442307692307 0.18389423076923078 0.11057692307692307 0.11538461538461539
0 0.6887019230769231 0.24278846153846154 0.09615384615384616 0.12259615384615384
0 0.7824519230769231 0.2608173076923077 0.08173076923076923 0.21875
0 0.8257211538461539 0.4891826923076923 0.125 0.2932692307692308