0 0.1971153846153846 0.953125 0.038461538461538464 0.0889423076923077
0 0.2956730769230769 0.8521634615384616 0.07211538461538461 0.16105769230769232
0 0.35697115384615385 0.7620192307692307 0.055288461538461536 0.13221153846153846
0 0.39783653846153844 0.6947115384615384 0.04326923076923077 0.11298076923076923
0 0.42788461538461536 0.6466346153846154 0.036057692307692304 0.09615384615384616
0 0.4519230769230769 0.6045673076923077 0.028846153846153848 0.07932692307692307
0 0.46875 0.578125 0.026442307692307692 0.07451923076923077
0 0.48197115384615385 0.5564903846153846 0.021634615384615384 0.06009615384615385
0 0.49399038461538464 0.5384615384615384 0.021634615384615384 0.052884615384615384
0 0.5048076923076923 0.5240384615384616 0.016826923076923076 0.052884615384615384
0 0.5120192307692307 0.5072115384615384 0.01201923076923077 0.04326923076923077