0 0.20192307692307693 0.6322115384615384 0.1875 0.4879807692307692
0 0.3737980769230769 0.5264423076923077 0.14903846153846154 0.40865384615384615
0 0.6959134615384616 0.6045673076923077 0.18028846153846154 0.28125
0 0.13701923076923078 0.10216346153846154 0.04807692307692308 0.12740384615384615
0 0.32091346153846156 0.08533653846153846 0.040865384615384616 0.10817307692307693
0 0.4543269230769231 0.078125 0.03365384615384615 0.0985576923076923
0 0.5576923076923077 0.06971153846153846 0.028846153846153848 0.08653846153846154
0 0.6334134615384616 0.06370192307692307 0.019230769230769232 0.07932692307692307
0 0.7127403846153846 0.06009615384615385 0.01201923076923077 0.0625
0 0.9122596153846154 0.21033653846153846 0.06490384615384616 0.1658653846153846
0 0.9759615384615384 0.17067307692307693 0.040865384615384616 0.1346153846153846