0 0.12860576923076922 0.7475961538461539 0.21875 0.40625
0 0.296875 0.7908653846153846 0.09134615384615384 0.21153846153846154
0 0.3605769230769231 0.8052884615384616 0.055288461538461536 0.14182692307692307
0 0.8521634615384616 0.7415865384615384 0.21875 0.4182692307692308
0 0.6670673076923077 0.7944711538461539 0.09134615384615384 0.21634615384615385
0 0.6033653846153846 0.8100961538461539 0.04807692307692308 0.14182692307692307
0 0.5733173076923077 0.8269230769230769 0.03365384615384615 0.11538461538461539
0 0.5564903846153846 0.8317307692307693 0.019230769230769232 0.0889423076923077
0 0.5408653846153846 0.8329326923076923 0.01201923076923077 0.07932692307692307
0 0.3870192307692308 0.8185096153846154 0.021634615384615384 0.10336538461538461
0 0.40625 0.8293269230769231 0.016826923076923076 0.09615384615384616