7 0.59375 0.25841346153846156 0.04326923076923077 0.07211538461538461
7 0.7764423076923077 0.25961538461538464 0.057692307692307696 0.09375
7 0.7271634615384616 0.3016826923076923 0.03125 0.08413461538461539
7 0.6298076923076923 0.3173076923076923 0.038461538461538464 0.036057692307692304
10 0.17307692307692307 0.038461538461538464 0.10336538461538461 0.0625
10 0.5805288461538461 0.41586538461538464 0.05048076923076923 0.036057692307692304
7 0.5096153846153846 0.41586538461538464 0.055288461538461536 0.10336538461538461
4 0.5721153846153846 0.4170673076923077 0.08173076923076923 0.1658653846153846
7 0.33052884615384615 0.6153846153846154 0.10817307692307693 0.16826923076923078
4 0.6033653846153846 0.6887019230769231 0.11298076923076923 0.2091346153846154
10 0.5949519230769231 0.7091346153846154 0.08653846153846154 0.036057692307692304
6 0.7644230769230769 0.08533653846153846 0.10096153846153846 0.16105769230769232
7 0.7536057692307693 0.8786057692307693 0.07451923076923077 0.12259615384615384
4 0.390625 0.12379807692307693 0.12740384615384615 0.1971153846153846
6 0.40384615384615385 0.15504807692307693 0.14423076923076922 0.17548076923076922
6 0.6237980769230769 0.15865384615384615 0.07692307692307693 0.12259615384615384